Живое время : 29

    73
    93
    64
    60
    45
    45
    24
    34
    21
    17
    15
    10
     9
     8
     7
     5
     6
     3
     4
     0
     5
     1
     5
     5
     0
     0
     2
     1
     3
     2
     0
     3
     1
     0
     1
     0
     0
     1
     1
     0
     3
     1
     1
     3
     2
     1
     0
     1
     0
     0
     2
     0
     2
     0
     0
     1
     0
     2
     1
     0
     1
     1
     2
     3
     1
     1
     0
     3
     1
     4
     5
    15
     8
    14
    21
    30
    38
    49
    58
    56
    60
    57
    78
    70
    88
    87
    96
    94
    85
    83
    75
    72
    76
    77
    66
    74
    83
   130
   167
   175
   153
   133
    94
    78
    79
    67
    58
    69
    67
    74
    71
    72
    86
    70
    73
    71
    64
    47
    73
    54
    52
    73
    44
    64
    47
    54
    47
    63
    61
    53
    57
    60
    59
    55
    46
    66
    49
    44
    51
    42
    54
    48
    48
    49
    43
    42
    43
    37
    43
    39
    38
    28
    28
    36
    42
    33
    35
    36
    42
    39
    32
    37
    37
    41
    51
    70
    91
   110
   125
   129
   105
    83
    61
    38
    30
    31
    24
    33
    41
    40
    35
    42
    52
    62
   123
   231
   374
   495
   604
   581
   475
   352
   203
   127
    65
    40
    32
    31
    31
    31
    48
    75
    94
   151
   210
   338
   536
   821
  1076
  1271
  1507
  1235
   928
   643
   351
   200
    89
    38
    28
    22
    27
    30
    41
    57
    99
   138
   183
   218
   273
   237
   187
   139
    79
    56
    47
    22
    21
    16
    15
    16
    14
    13
    20
    15
    22
    16
    16
    26
    24
    32
    64
   111
   176
   299
   384
   471
   530
   528
   442
   374
   241
   168
   145
   122
   102
   110
    91
    96
    42
    42
    37
    28
    30
    40
    51
    65
    80
    77
    94
   125
   144
   135
   104
   108
    46
    47
    44
    27
    25
    28
    18
    16
    17
    25
    22
    26
    19
    22
    31
    40
    21
    29
    30
    41
    42
    41
    37
    37
    36
    38
    30
    35
    21
    25
    26
    23
    22
    26
    25
    21
    16
    19
    18
    13
    23
    20
    18
    26
    40
    50
    81
   121
   208
   240
   255
   276
   263
   221
   169
   136
    89
    54
    53
    44
    34
    38
    43
    51
    53
    50
    63
    70
   133
   189
   356
   728
  1421
  2708
  4891
  7717
 11652
 15563
 19172
 21020
 21132
 19151
 16096
 11821
  8326
  5023
  2960
  1571
   721
   370
   182
   110
    73
    47
    59
    54
    47
    51
    60
    55
    65
    66
    66
    66
    79
   109
   147
   154
   255
   358
   629
   849
  1416
  1873
  2593
  3196
  3393
  3568
  3254
  2774
  2198
  1587
  1082
   653
   407
   211
   108
    49
    35
    15
    26
    21
    17
    12
    11
    23
    22
    29
    44
    35
    41
    41
    37
    33
    30
    10
    19
    18
    16
    17
     9
    12
    22
    13
    10
    10
    12
    13
    13
    15
    10
    11
    13
    15
    19
    15
    26
    26
    26
    42
    35
    56
    57
    58
    53
    41
    48
    34
    32
    19
    19
    12
    22
    19
    22
    18
    17
    16
    17
    21
    19
    24
    16
     9
    14
    18
    19
    25
    35
    32
    62
    75
    94
   120
   158
   159
   178
   176
   150
   133
    94
    77
    51
    39
    35
    30
    24
    28
    19
    29
    28
    26
    22
    24
    41
    37
    22
    34
    28
    15
    30
    24
    35
    31
    40
    36
    53
    51
    53
    69
    61
    83
    70
    64
    62
    51
    36
    35
    36
    40
    35
    36
    44
    41
    46
    49
    58
    47
    55
    69
    72
    77
    69
    56
    68
    69
    61
    50
    76
    61
    47
    53
    59
    47
    56
    55
    50
    64
    50
    62
    48
    60
    60
    43
    58
    46
    59
    51
    55
    60
    54
    75
    64
    68
    64
    64
    78
    66
    61
    70
    76
    70
    84
    84
    66
    83
    92
    74
   103
   110
   107
   112
   116
   125
   131
   123
   133
   136
   110
   122
   108
   117
   106
    81
   110
    90
   103
   118
    92
    87
    95
   107
   106
   104
   121
    89
   112
   109
   101
   125
   105
   118
   126
   129
   125
   100
   114
   124
   116
   113
    98
   123
   123
   123
   107
   130
   137
   119
   138
   145
   142
   125
   174
   167
   149
   157
   157
   149
   158
   147
   152
   167
   157
   164
   163
   150
   152
   151
   177
   167
   179
   184
   162
   143
   157
   172
   171
   168
   167
   197
   179
   155
   179
   197
   185
   178
   188
   189
   195
   188
   181
   201
   205
   191
   207
   205
   209
   195
   198
   200
   213
   184
   204
   201
   220
   227
   247
   227
   214
   218
   228
   234
   230
   228
   235
   256
   249
   254
   264
   273
   255
   281
   279
   271
   282
   286
   295
   281
   285
   255
   279
   291
   261
   281
   245
   255
   261
   309
   289
   291
   302
   261
   295
   315
   291
   269
   274
   314
   310
   296
   265
   290
   304
   312
   327
   342
   359
   426
   425
   462
   553
   594
   593
   675
   680
   684
   712
   689
   628
   549
   509
   533
   495
   413
   401
   379
   423
   374
   351
   359
   360
   321
   355
   335
   363
   301
   379
   336
   345
   370
   368
   353
   361
   384
   365
   410
   486
   516
   598
   678
   900
  1042
  1209
  1494
  1716
  1885
  2126
  2244
  2346
  2339
  2274
  2209
  1895
  1654
  1383
  1124
   945
   820
   645
   576
   527
   466
   422
   401
   415
   412
   371
   381
   428
   378
   396
   397
   419
   418
   411
   409
   414
   427
   429
   429
   457
   436
   443
   428
   448
   480
   491
   482
   506
   525
   532
   624
   536
   629
   580
   581
   563
   553
   538
   573
   491
   519
   466
   463
   470
   468
   449
   479
   471
   472
   440
   424
   480
   481
   448
   464
   460
   453
   510
   424
   479
   452
   495
   463
   512
   506
   487
   528
   601
   555
   640
   722
   777
   870
   978
  1091
  1124
  1275
  1294
  1363
  1389
  1409
  1419
  1361
  1338
  1188
  1108
   954
   891
   824
   743
   697
   583
   631
   597
   545
   551
   542
   527
   478
   544
   537
   528
   556
   489
   564
   509
   508
   512
   501
   518
   520
   479
   458
   499
   510
   518
   535
   486
   490
   515
   535
   552
   544
   510
   533
   568
   549
   546
   555
   557
   551
   589
   560
   531
   562
   548
   560
   528
   561
   553
   497
   595
   540
   516
   519
   561
   549
   562
   590
   543
   524
   551
   555
   515
   527
   538
   561
   510
   532
   556
   557
   545
   562
   587
   548
   569
   565
   582
   622
   648
   596
   567
   580
   552
   643
   563
   592
   570
   671
   636
   615
   628
   678
   633
   640
   652
   682
   754
   653
   728
   702
   713
   711
   692
   657
   660
   626
   690
   670
   630
   585
   683
   649
   624
   646
   674
   654
   698
   682
   673
   697
   685
   694
   704
   734
   713
   722
   752
   740
   732
   807
   774
   774
   800
   795
   845
   896
   862
   929
   891
   915
   930
  1005
  1027
  1001
  1014
  1101
  1184
  1182
  1233
  1255
  1423
  1312
  1406
  1470
  1514
  1601
  1642
  1633
  1696
  1645
  1786
  1765
  1824
  1757
  1767
  1794
  1822
  1815
  1895
  1818
  1785
  1745
  1842
  1701
  1734
  1657
  1620
  1628
  1596
  1587
  1485
  1424
  1351
  1322
  1258
  1191
  1201
  1156
  1098
  1134
   974
   961
   982
   979
   935
   903
   863
   853
   831
   849
   804
   764
   738
   755
   789
   727
   709
   763
   715
   631
   650
   685
   598
   643
   623
   629
   624
   641
   645
   621
   625
   629
   704
   707
   698
   759
   777
   854
   908
  1024
  1014
  1097
  1186
  1261
  1216
  1371
  1407
  1389
  1392
  1417
  1402
  1373
  1319
  1257
  1091
  1035
   960
   872
   841
   795
   713
   599
   611
   597
   554
   576
   546
   569
   574
   539
   582
   572
   570
   524
   596
   577
   607
   608
   573
   588
   549
   580
   609
   615
   610
   652
   625
   648
   668
   659
   676
   664
   712
   696
   705
   717
   717
   726
   706
   715
   673
   745
   699
   726
   735
   732
   721
   688
   705
   676
   719
   645
   703
   669
   655
   654
   672
   613
   628
   636
   634
   636
   585
   660
   598
   566
   621
   569
   602
   560
   567
   590
   542
   553
   500
   537
   546
   479
   490
   532
   482
   503
   526
   482
   492
   492
   507
   431
   447
   484
   484
   491
   441
   433
   482
   443
   442
   469
   441
   410
   461
   452
   423
   444
   463
   431
   419
   437
   421
   427
   432
   425
   449
   445
   369
   396
   412
   399
   434
   442
   413
   438
   448
   438
   485
   508
   516
   442
   559
   504
   534
   525
   543
   548
   523
   481
   538
   470
   468
   437
   462
   444
   463
   455
   392
   411
   404
   429
   420
   415
   377
   400
   422
   369
   406
   398
   427
   396
   403
   409
   372
   388
   362
   411
   399
   395
   371
   386
   385
   376
   391
   370
   338
   359
   357
   371
   372
   341
   353
   348
   353
   396
   373
   345
   338
   308
   322
   324
   367
   349
   327
   327
   387
   335
   335
   344
   340
   357
   324
   341
   368
   303
   325
   321
   343
   346
   334
   324
   341
   337
   325
   345
   324
   320
   323
   324
   339
   312
   386
   349
   322
   335
   321
   307
   327
   322
   309
   287
   298
   305
   303
   302
   325
   324
   341
   324
   338
   371
   294
   300
   286
   291
   315
   304
   290
   311
   304
   310
   324
   310
   327
   319
   319
   280
   315
   311
   276
   312
   305
   329
   305
   297
   293
   270
   288
   293
   296
   304
   283
   290
   295
   277
   317
   286
   293
   294
   289
   294
   307
   273
   298
   266
   260
   272
   281
   282
   261
   272
   265
   283
   265
   286
   271
   258
   273
   256
   302
   243
   256
   264
   245
   275
   273
   261
   250
   257
   242
   264
   257
   271
   281
   240
   282
   240
   267
   245
   232
   210
   218
   241
   246
   238
   217
   261
   228
   241
   243
   254
   261
   232
   257
   243
   265
   238
   229
   230
   263
   246
   243
   227
   212
   253
   248
   247
   226
   235
   240
   221
   234
   224
   225
   225
   226
   233
   234
   223
   215
   221
   210
   193
   225
   214
   185
   221
   233
   215
   208
   192
   212
   210
   214
   216
   181
   196
   180
   195
   206
   196
   222
   185
   203
   205
   218
   197
   209
   185
   183
   194
   197
   199
   174
   171
   203
   201
   174
   187
   220
   187
   201
   189
   186
   182
   183
   195
   207
   200
   186
   195
   163
   173
   178
   189
   152
   160
   175
   181
   178
   178
   183
   162
   159
   165
   153
   152
   182
   157
   179
   160
   167
   176
   148
   173
   159
   146
   167
   152
   138
   143
   176
   154
   179
   125
   130
   156
   149
   138
   149
   140
   140
   135
   154
   140
   162
   150
   143
   113
   138
   142
   122
   147
   140
   130
   111
   140
   135
   112
   134
   126
   123
   127
   115
   117
   106
   132
   130
   132
   124
   104
   132
   116
   105
   124
   127
   121
   134
    96
    99
   115
   113
   108
   118
   108
   110
    93
   129
   106
    88
   110
   113
   105
   104
   110
   106
   105
   107
   103
    91
    95
   117
   109
    94
   105
   105
    83
   104
    80
    93
    81
    92
    71
    96
    89
    95
    72
    97
    84
    84
    79
    82
    81
    86
    73
    72
    69
    82
    61
    69
    58
    74
    64
    59
    85
    77
    63
    44
    52
    65
    59
    70
    64
    69
    63
    55
    78
    58
    61
    45
    53
    51
    38
    50
    63
    48
    61
    34
    47
    40
    57
    58
    48
    40
    37
    32
    48
    43
    49
    44
    49
    33
    43
    34
    51
    44
    36
    31
    41
    30
    32
    41
    27
    34
    39
    30
    34
    39
    24
    34
    36
    35
    24
    20
    19
    12
    18
    29
    29
    22
    31
    15
    22
    25
    29
    23
    23
    20
    24
    13
    22
    23
    18
    19
    20
    25
    17
    21
    16
    19
    18
    20
    11
    16
    14
    13
    21
    12
    11
    19
    16
    17
    15
    10
    13
    13
     7
    12
    12
    14
    20
    16
    13
     9
     9
    14
    10
     9
     7
     9
    11
    10
     5
     9
     9
     4
    10
     5
     9
    10
    13
    11
     3
     9
     9
     9
     6
     9
     7
    15
    14
     7
     8
    10
     4
    10
    15
    15
     8
     6
    11
     7
     5
     4
     9
     3
    13
     4
    16
     6
     6
     6
     5
     3
     6
     8
     7
    11
     6
     9
     5
     5
     5
     5
     8
     5
     1
     2
     4
     3
     7
     4
     5
     4
     8
     2
     6
     5
     5
     7
     3
     2
     4
     4
     1
     5
     3
     5
     4
     4
     5
     1
     2
     4
     5
     3
     3
     3
     5
     2
     6
     2
     4
     5
     3
     3
     4
     4
     2
     6
     6
     1
     1
     7
     4
     1
     7
     4
     2
     5
     3
     7
     1
     2
     3
     4
     3
     2
     3
     5
     3
     2
     3
     2
     1
     4
     3
     0
     2
     4
     6
     2
     4
     4
     2
     2
     0
     2
     0
     3
     1
     3
     1
     0
     1
     0
     2
     0
     2
     1
     1
     0
     0
     1
     3
     0
     1
     0
     4
     3
     0
     2
     0
     2
     1
     0
     2
     3
     1
     3
     1
     2
     0
     1
     2
     2
     5
     0
     1
     0
     1
     0
     0
     1
     1
     1
     1
     0
     2
     2
     1
     3
     0
     2
     0
     1
     0
     1
     1
     3
     0
     3
     2
     0
     1
     0
     2
     0
     5
     2
     1
     0
     1
     1
     2
     1
     2
     0
     0
     0
     0
     0
     1
     0
     0
     1
     0
     1
     2
     0
     0
     0
     1
     0
     0
