Живое время : 29

    74
    90
    77
    59
    53
    34
    26
    31
    27
    18
    18
    10
     8
     9
     7
     3
     3
     3
     3
     3
     5
     1
     3
     0
     1
     2
     3
     2
     2
     1
     1
     3
     1
     3
     0
     3
     0
     3
     0
     0
     1
     1
     2
     1
     2
     1
     1
     0
     2
     1
     3
     1
     2
     2
     1
     3
     0
     0
     0
     1
     0
     1
     0
     0
     0
     0
     1
     1
     2
     4
     4
     9
     7
    20
    10
    37
    26
    42
    52
    58
    49
    70
    84
    76
    74
   101
    93
    87
    76
    90
    75
    83
    56
    58
    60
    67
   112
   122
   183
   191
   170
   152
   111
    75
    71
    78
    66
    63
    61
    55
    58
    70
    70
    45
    68
    67
    59
    56
    51
    59
    42
    46
    53
    48
    40
    44
    65
    64
    47
    76
    86
    76
    65
    69
    68
    49
    48
    40
    54
    46
    51
    42
    46
    39
    44
    46
    53
    36
    35
    32
    49
    45
    39
    32
    39
    33
    22
    34
    32
    25
    31
    29
    37
    36
    56
    67
    82
   113
   114
   112
    78
    84
    63
    43
    33
    43
    32
    18
    45
    37
    40
    40
    72
    91
   185
   280
   449
   617
   746
   728
   603
   419
   295
   133
    75
    46
    29
    35
    40
    44
    70
    76
    91
   113
   140
   148
   156
   161
   168
   174
   212
   199
   150
   108
    59
    39
    22
    31
    23
    18
    16
    16
    18
    28
    29
    32
    35
    36
    35
    38
    40
    35
    27
    17
    26
    21
    18
    22
    25
    11
    17
    20
    19
    15
    13
    26
    17
    25
    26
    15
    56
    80
   102
   147
   225
   279
   289
   261
   236
   193
   138
   114
    73
    94
    88
    90
    79
    63
    44
    37
    26
    23
    26
    40
    36
    34
    55
    73
    75
    79
    69
    71
    72
    55
    42
    46
    29
    25
    16
    15
    14
    23
    15
    25
    26
    13
    15
    21
    25
    29
    28
    29
    26
    16
    25
    34
    29
    19
    19
    18
    27
    21
    18
    16
    20
    23
    14
    26
    11
    16
    18
    17
    18
    14
    15
    19
    20
    28
    47
    55
    89
   128
   159
   179
   248
   233
   242
   237
   170
   114
    94
    57
    42
    26
    29
    31
    30
    41
    56
    48
    58
    67
    98
   161
   255
   576
  1132
  2140
  3889
  6223
  9269
 12549
 15164
 16694
 16861
 15359
 12679
  9420
  6465
  3941
  2270
  1140
   614
   274
   156
    87
    62
    57
    48
    41
    45
    49
    50
    60
    46
    53
    53
    71
    72
    93
    88
   142
   215
   310
   475
   806
  1154
  1685
  2101
  2502
  2762
  2758
  2648
  2137
  1879
  1261
   803
   512
   331
   162
    84
    54
    38
    24
    17
    20
    11
    20
     9
    20
    24
    31
    26
    31
    17
    26
    15
    35
    26
    18
    21
    14
    20
    21
    15
    19
    17
    17
    20
    21
    13
    23
    19
    26
    27
    55
    79
   145
   260
   410
   681
  1083
  1655
  2266
  2767
  3433
  3722
  3705
  3527
  3120
  2426
  1825
  1216
   817
   475
   264
   131
    93
    54
    45
    47
    30
    42
    36
    43
    38
    56
    46
    48
    63
    64
    82
   117
   162
   260
   376
   507
   641
   801
   892
   920
   918
   810
   725
   513
   409
   281
   249
   208
   217
   277
   362
   483
   522
   584
   701
   716
   616
   503
   407
   363
   232
   167
   131
    78
    65
    55
    45
    38
    51
    58
    78
    71
    76
    76
    65
    72
    73
    52
    60
    65
    41
    61
    42
    45
    58
    66
    77
    96
   122
   121
   172
   170
   199
   174
   216
   165
   163
   139
   118
   123
   101
    81
    65
    69
    65
    51
    51
    58
    52
    67
    63
    75
    61
    57
    66
    76
    50
    54
    61
    51
    66
    63
    66
    54
    64
    61
    66
    63
    65
    78
    76
    76
    79
    86
    90
    92
    85
    99
   134
   128
   166
   214
   217
   287
   318
   380
   403
   429
   425
   425
   372
   306
   306
   240
   199
   177
   154
   110
   128
   109
   110
   107
   124
    96
    97
    95
    92
   102
   112
    91
   124
    99
   114
   113
   104
   114
   136
   129
   118
   125
   141
   145
   143
   141
   131
   129
   149
   141
   162
   145
   137
   155
   151
   149
   170
   152
   134
   171
   140
   143
   171
   160
   166
   172
   141
   198
   166
   178
   180
   192
   153
   183
   175
   199
   175
   198
   201
   180
   176
   194
   196
   166
   210
   204
   196
   192
   208
   186
   194
   238
   213
   205
   210
   217
   221
   202
   196
   210
   218
   187
   217
   219
   217
   251
   205
   266
   246
   232
   250
   231
   263
   256
   293
   237
   257
   266
   289
   316
   351
   379
   407
   477
   520
   560
   504
   578
   516
   520
   488
   444
   440
   426
   346
   356
   350
   328
   344
   358
   303
   351
   327
   328
   315
   366
   337
   354
   362
   341
   363
   363
   333
   360
   340
   341
   351
   348
   369
   377
   419
   513
   605
   695
   815
   916
  1013
  1183
  1260
  1286
  1271
  1268
  1255
  1169
  1038
   897
   803
   727
   618
   512
   439
   426
   431
   414
   413
   380
   408
   411
   402
   370
   407
   386
   372
   390
   383
   358
   380
   359
   408
   379
   433
   420
   441
   542
   548
   642
   690
   764
   914
   991
  1172
  1256
  1260
  1329
  1265
  1262
  1213
  1093
   994
   899
   785
   693
   581
   566
   465
   472
   400
   415
   424
   412
   428
   397
   460
   427
   394
   427
   440
   406
   452
   466
   433
   441
   463
   487
   459
   495
   465
   479
   487
   516
   538
   567
   562
   615
   650
   639
   688
   677
   701
   674
   698
   704
   687
   649
   623
   589
   616
   550
   504
   510
   524
   497
   495
   458
   505
   513
   473
   449
   473
   475
   493
   480
   445
   481
   466
   466
   495
   496
   500
   511
   502
   525
   574
   595
   599
   635
   667
   732
   749
   853
   903
  1026
  1044
  1068
  1095
  1150
  1091
  1074
  1036
  1001
   914
   854
   811
   730
   674
   649
   592
   580
   564
   541
   501
   562
   516
   522
   572
   546
   536
   549
   509
   520
   562
   542
   554
   552
   563
   550
   541
   549
   541
   524
   528
   583
   555
   544
   559
   494
   592
   583
   540
   545
   593
   571
   593
   572
   577
   604
   550
   551
   596
   527
   553
   601
   556
   566
   517
   576
   572
   582
   533
   559
   508
   551
   509
   548
   568
   584
   572
   575
   540
   566
   596
   578
   590
   587
   584
   594
   592
   649
   622
   600
   620
   630
   719
   710
   749
   728
   821
   844
   864
   870
   909
   908
   873
   932
   902
   877
   776
   775
   772
   781
   716
   743
   715
   725
   705
   717
   667
   635
   664
   654
   680
   677
   637
   662
   653
   702
   679
   693
   683
   689
   695
   703
   678
   731
   700
   724
   699
   722
   735
   748
   722
   701
   744
   772
   758
   748
   761
   738
   806
   797
   834
   858
   848
   887
   877
   906
   981
   999
  1037
  1017
  1040
  1044
  1220
  1212
  1212
  1178
  1332
  1317
  1380
  1451
  1528
  1527
  1575
  1629
  1700
  1753
  1754
  1721
  1797
  1816
  1889
  2019
  1925
  1932
  1914
  1933
  1866
  1843
  1856
  1796
  1829
  1773
  1732
  1686
  1608
  1570
  1498
  1507
  1466
  1356
  1303
  1280
  1274
  1208
  1163
  1206
  1064
  1045
   993
   984
   992
   905
   922
   922
   883
   832
   855
   874
   819
   776
   804
   796
   815
   770
   749
   731
   747
   740
   702
   634
   690
   654
   607
   613
   588
   644
   686
   625
   645
   698
   664
   702
   768
   769
   854
   937
   953
  1006
  1104
  1120
  1134
  1292
  1367
  1411
  1438
  1437
  1491
  1366
  1332
  1252
  1165
  1155
  1037
   944
   901
   798
   737
   689
   611
   640
   613
   539
   565
   515
   567
   533
   564
   594
   552
   600
   544
   566
   575
   578
   616
   595
   654
   629
   558
   627
   640
   610
   617
   670
   667
   660
   695
   631
   651
   684
   655
   712
   743
   775
   702
   729
   687
   705
   718
   725
   692
   764
   714
   696
   715
   686
   679
   715
   687
   667
   695
   647
   673
   679
   638
   582
   604
   608
   597
   611
   628
   592
   605
   561
   587
   553
   540
   555
   525
   533
   497
   549
   511
   501
   502
   482
   534
   510
   501
   498
   508
   489
   509
   460
   494
   438
   446
   424
   452
   480
   474
   463
   422
   429
   434
   482
   439
   454
   431
   429
   437
   453
   469
   411
   414
   421
   398
   435
   423
   411
   407
   370
   393
   431
   416
   388
   402
   450
   412
   395
   462
   456
   477
   505
   479
   561
   546
   527
   556
   563
   582
   530
   521
   497
   489
   487
   433
   466
   431
   401
   428
   376
   387
   393
   362
   359
   372
   392
   377
   368
   370
   371
   396
   393
   383
   391
   384
   375
   388
   376
   403
   391
   344
   398
   350
   368
   385
   393
   345
   351
   361
   337
   341
   337
   370
   350
   324
   318
   342
   316
   345
   354
   341
   379
   344
   342
   318
   356
   346
   344
   345
   341
   332
   358
   321
   308
   320
   303
   331
   317
   346
   317
   325
   339
   327
   312
   281
   322
   331
   323
   318
   294
   315
   333
   304
   322
   339
   318
   304
   293
   326
   292
   326
   299
   308
   303
   317
   311
   310
   326
   306
   287
   285
   254
   293
   291
   293
   307
   291
   321
   309
   286
   303
   296
   290
   299
   278
   293
   267
   284
   280
   293
   277
   256
   286
   280
   288
   282
   283
   277
   273
   259
   294
   259
   288
   321
   296
   291
   263
   254
   301
   301
   278
   283
   279
   265
   244
   286
   278
   255
   269
   260
   268
   236
   254
   298
   281
   282
   255
   257
   260
   242
   253
   256
   255
   249
   269
   269
   216
   248
   249
   254
   242
   239
   234
   240
   247
   232
   231
   235
   221
   269
   265
   237
   219
   258
   237
   240
   219
   233
   243
   266
   227
   235
   250
   240
   248
   228
   235
   229
   248
   230
   222
   210
   230
   221
   208
   236
   240
   191
   246
   215
   225
   194
   199
   216
   213
   196
   227
   197
   204
   215
   204
   228
   220
   198
   204
   190
   218
   192
   197
   191
   180
   200
   197
   177
   194
   184
   208
   179
   182
   202
   184
   206
   178
   206
   199
   199
   178
   197
   173
   192
   164
   181
   180
   197
   183
   181
   193
   165
   185
   170
   184
   184
   174
   190
   162
   189
   169
   172
   159
   176
   159
   164
   163
   176
   152
   175
   179
   175
   151
   155
   165
   158
   163
   176
   137
   151
   165
   148
   142
   148
   157
   138
   155
   144
   129
   138
   156
   137
   147
   144
   161
   113
   148
   136
   164
   133
   144
   147
   132
   141
   128
   137
   134
   147
   134
   157
   128
   133
   147
   126
   136
   113
   117
   142
   119
   124
   142
   143
   112
    97
   121
   138
   139
   126
    94
   110
   137
   118
   121
   123
   117
   109
   111
   111
   102
   123
    92
   100
   107
    95
   109
   101
   101
    97
   107
    90
    79
    97
   102
    96
   109
   106
   104
    88
    94
    98
   101
   100
    94
   103
    78
    96
    95
    85
    88
    82
    85
    95
    79
    80
    73
    80
    74
    96
    82
    78
    85
    90
    72
    92
    77
    84
    68
    98
    87
    78
    70
    78
    72
    67
    71
    65
    70
    71
    64
    70
    67
    54
    78
    67
    61
    66
    54
    61
    67
    53
    59
    70
    41
    51
    61
    59
    46
    60
    48
    58
    49
    47
    59
    61
    65
    47
    48
    46
    40
    38
    36
    36
    48
    45
    40
    34
    45
    37
    36
    39
    38
    31
    36
    36
    43
    32
    24
    37
    30
    34
    25
    26
    21
    20
    26
    32
    26
    22
    24
    23
    25
    35
    25
    22
    25
    23
    26
    22
    25
    22
    26
    20
    24
    17
    21
    17
    10
    18
    16
    18
    20
     8
    10
    13
    12
    14
    10
    17
    19
    15
    13
    14
     7
    14
    14
    12
    13
    10
     9
    13
    12
     3
    14
    10
    10
    12
     7
     5
    11
     8
     6
    10
     4
    12
    14
    17
     9
     9
     4
    10
    10
    13
    11
     5
    14
    11
     8
     7
     8
     9
     8
    10
    11
     9
     5
     7
     7
     6
     9
     7
     7
     6
    10
    11
     5
     7
    10
     3
     6
     5
     6
     5
     9
     9
     7
     9
     8
     7
     7
     8
    11
     6
     9
     3
     2
     5
     3
     6
     5
     4
     4
     7
     4
     3
     2
     5
     2
     3
     3
     3
     1
     8
     4
     3
     4
     3
     6
     3
     3
     2
     7
     6
     4
     5
     3
     2
     5
     4
     3
     1
     2
     3
     7
     4
     3
     4
     4
     3
     3
     1
     3
     3
     2
     1
     0
     2
     2
     1
     3
     4
     2
     4
     3
     1
     1
     1
     3
     2
     3
     6
     2
     2
     5
     0
     3
     3
     2
     2
     4
     1
     2
     3
     3
     1
     1
     1
     1
     3
     1
     2
     3
     3
     1
     0
     2
     2
     2
     1
     2
     0
     4
     2
     2
     0
     0
     3
     1
     0
     0
     1
     0
     2
     0
     0
     3
     1
     1
     2
     0
     0
     1
     1
     0
     0
     2
     2
     0
     0
     0
     0
     1
     1
     0
     1
     1
     1
     1
     1
     0
     0
     0
     1
     0
     0
     1
     4
     0
     1
     1
     3
     2
     0
     1
     0
     1
     1
     0
     1
     1
     1
     0
     2
     0
     3
     0
     1
     2
     0
     1
     2
     0
     0
     4
     1
     1
     1
     0
     2
     0
     4
     0
     1
     0
     1
     0
     2
     2
     0
     0
     2
     0
